385 0.980000
384 0.980392
383 0.980769
382 0.981132
381 0.981481
380 0.981818
379 0.982143
378 0.982456
377 0.982759
376 0.983051
375 0.983333
374 0.983607
373 0.983871
372 0.984127
371 0.984375
370 0.984615
369 0.984848
368 0.985075
367 0.985294
366 0.985507
365 0.985714
364 0.985915
363 0.972222
362 0.972603
361 0.972973
360 0.973333
359 0.973684
358 0.974026
357 0.974359
356 0.974684
355 0.975000
354 0.975309
353 0.975610
352 0.975904
351 0.976190
350 0.976471
349 0.976744
348 0.977011
347 0.977273
346 0.977528
345 0.977778
344 0.978022
343 0.978261
342 0.978495
341 0.978723
340 0.978947
339 0.979167
338 0.979381
337 0.979592
336 0.979798
335 0.980000
334 0.980198
333 0.980392
332 0.980583
331 0.980769
330 0.971429
329 0.971698
328 0.971963
327 0.972222
326 0.972477
325 0.972727
324 0.972973
323 0.973214
322 0.973451
321 0.973684
320 0.973913
319 0.974138
318 0.974359
317 0.974576
316 0.974790
315 0.975000
314 0.975207
313 0.975410
312 0.975610
311 0.975806
310 0.976000
309 0.976190
308 0.976378
307 0.976562
306 0.976744
305 0.976923
304 0.977099
303 0.977273
302 0.977444
301 0.977612
300 0.977778
299 0.977941
298 0.978102
297 0.978261
296 0.978417
295 0.978571
294 0.978723
293 0.978873
292 0.979021
291 0.979167
290 0.972414
289 0.972603
288 0.972789
287 0.972973
286 0.973154
285 0.973333
284 0.973510
283 0.967105
282 0.967320
281 0.967532
280 0.967742
279 0.967949
278 0.968153
277 0.968354
276 0.968553
275 0.968750
274 0.968944
273 0.969136
272 0.969325
271 0.969512
270 0.969697
269 0.969880
268 0.970060
267 0.970238
266 0.970414
265 0.970588
264 0.970760
263 0.970930
262 0.971098
261 0.965517
260 0.965714
259 0.965909
258 0.966102
257 0.966292
256 0.966480
255 0.966667
254 0.966851
253 0.967033
252 0.967213
251 0.961957
250 0.962162
249 0.962366
248 0.962567
247 0.962766
246 0.962963
245 0.963158
244 0.963351
243 0.963542
242 0.963731
241 0.963918
240 0.964103
239 0.964286
238 0.964467
237 0.964646
236 0.964824
235 0.965000
234 0.965174
233 0.965347
232 0.965517
231 0.965686
230 0.965854
229 0.966019
228 0.966184
227 0.966346
226 0.966507
225 0.966667
224 0.966825
223 0.966981
222 0.967136
221 0.967290
220 0.967442
219 0.958333
218 0.958525
217 0.958716
216 0.958904
215 0.959091
214 0.959276
213 0.959459
212 0.959641
211 0.959821
210 0.960000
209 0.960177
208 0.960352
207 0.960526
206 0.960699
205 0.960870
204 0.961039
203 0.961207
202 0.961373
201 0.961538
200 0.961702
199 0.961864
198 0.962025
197 0.962185
196 0.962343
195 0.962500
194 0.962656
193 0.962810
192 0.962963
191 0.963115
190 0.963265
189 0.963415
188 0.963563
187 0.963710
186 0.963855
185 0.964000
184 0.964143
183 0.964286
182 0.968379
181 0.968504
180 0.968627
179 0.968750
178 0.968872
177 0.968992
176 0.969112
175 0.969231
174 0.969349
173 0.969466
172 0.969582
171 0.969697
170 0.969811
169 0.969925
168 0.970037
167 0.966418
166 0.966543
165 0.966667
164 0.966790
163 0.966912
162 0.967033
161 0.967153
160 0.967273
159 0.967391
158 0.967509
157 0.967626
156 0.967742
155 0.967857
154 0.967972
153 0.968085
152 0.968198
151 0.968310
150 0.968421
149 0.968531
148 0.968641
147 0.968750
146 0.968858
145 0.968966
144 0.969072
143 0.969178
142 0.969283
141 0.969388
140 0.969492
139 0.969595
138 0.969697
137 0.969799
136 0.969900
135 0.970000
134 0.970100
133 0.970199
132 0.970297
131 0.970395
130 0.934426
129 0.934641
128 0.960912
127 0.961039
126 0.961165
125 0.961290
124 0.961415
123 0.961538
122 0.961661
121 0.961783
120 0.946032
119 0.946203
118 0.946372
117 0.946541
116 0.946708
115 0.946875
114 0.947040
113 0.947205
112 0.947368
111 0.947531
110 0.947692
109 0.947853
108 0.948012
107 0.966463
106 0.966565
105 0.966667
104 0.966767
103 0.966867
102 0.966967
101 0.967066
100 0.967164
99 0.967262
98 0.967359
97 0.967456
96 0.967552
95 0.947059
94 0.917889
93 0.915205
92 0.915452
91 0.915698
90 0.915942
89 0.916185
88 0.916427
87 0.916667
86 0.916905
85 0.917143
84 0.917379
83 0.917614
82 0.923513
81 0.918079
80 0.918310
79 0.918539
78 0.918768
77 0.918994
76 0.919220
75 0.919444
74 0.919668
73 0.919890
72 0.920110
71 0.920330
70 0.920548
69 0.920765
68 0.920981
67 0.921196
66 0.921409
65 0.921622
64 0.921833
63 0.922043
62 0.919571
61 0.917112
60 0.917333
59 0.946809
58 0.946950
57 0.947090
56 0.947230
55 0.947368
54 0.947507
53 0.947644
52 0.947781
51 0.947917
0.963061
