385 0.980000
384 0.980392
383 0.980769
382 0.981132
381 0.981481
380 0.981818
379 0.964286
378 0.982456
377 0.982759
376 0.983051
375 0.983333
374 0.983607
373 0.983871
372 0.984127
371 0.984375
370 0.984615
369 0.984848
368 0.985075
367 0.985294
366 0.985507
365 0.985714
364 0.985915
363 0.972222
362 0.972603
361 0.972973
360 0.973333
359 0.973684
358 0.974026
357 0.974359
356 0.974684
355 0.975000
354 0.975309
353 0.975610
352 0.975904
351 0.976190
350 0.976471
349 0.976744
348 0.977011
347 0.977273
346 0.977528
345 0.977778
344 0.978022
343 0.978261
342 0.978495
341 0.978723
340 0.978947
339 0.979167
338 0.979381
337 0.979592
336 0.979798
335 0.980000
334 0.980198
333 0.980392
332 0.980583
331 0.980769
330 0.971429
329 0.971698
328 0.971963
327 0.972222
326 0.972477
325 0.972727
324 0.972973
323 0.973214
322 0.973451
321 0.973684
320 0.973913
319 0.974138
318 0.974359
317 0.974576
316 0.974790
315 0.975000
314 0.975207
313 0.975410
312 0.975610
311 0.975806
310 0.976000
309 0.976190
308 0.976378
307 0.976562
306 0.976744
305 0.976923
304 0.977099
303 0.977273
302 0.977444
301 0.977612
300 0.977778
299 0.977941
298 0.978102
297 0.978261
296 0.978417
295 0.978571
294 0.978723
293 0.978873
292 0.979021
291 0.979167
290 0.972414
289 0.972603
288 0.972789
287 0.972973
286 0.973154
285 0.973333
284 0.973510
283 0.967105
282 0.967320
281 0.967532
280 0.967742
279 0.967949
278 0.968153
277 0.968354
276 0.968553
275 0.968750
274 0.968944
273 0.969136
272 0.969325
271 0.969512
270 0.969697
269 0.969880
268 0.970060
267 0.970238
266 0.970414
265 0.970588
264 0.970760
263 0.970930
262 0.971098
261 0.971264
260 0.971429
259 0.971591
258 0.971751
257 0.971910
256 0.972067
255 0.972222
254 0.972376
253 0.972527
252 0.972678
251 0.956522
250 0.956757
249 0.956989
248 0.957219
247 0.957447
246 0.957672
245 0.957895
244 0.958115
243 0.958333
242 0.958549
241 0.958763
240 0.958974
239 0.959184
238 0.959391
237 0.959596
236 0.959799
235 0.960000
234 0.960199
233 0.960396
232 0.960591
231 0.960784
230 0.960976
229 0.961165
228 0.961353
227 0.961538
226 0.961722
225 0.961905
224 0.962085
223 0.962264
222 0.962441
221 0.962617
220 0.962791
219 0.953704
218 0.953917
217 0.954128
216 0.954338
215 0.954545
214 0.954751
213 0.954955
212 0.955157
211 0.955357
210 0.955556
209 0.955752
208 0.955947
207 0.956140
206 0.956332
205 0.956522
204 0.956710
203 0.956897
202 0.957082
201 0.957265
200 0.957447
199 0.957627
198 0.957806
197 0.957983
196 0.958159
195 0.958333
194 0.958506
193 0.958678
192 0.954733
191 0.954918
190 0.955102
189 0.955285
188 0.955466
187 0.955645
186 0.955823
185 0.956000
184 0.956175
183 0.956349
182 0.956522
181 0.956693
180 0.956863
179 0.957031
178 0.957198
177 0.957364
176 0.957529
175 0.957692
174 0.957854
173 0.958015
172 0.958175
171 0.958333
170 0.958491
169 0.958647
168 0.958801
167 0.958955
166 0.959108
165 0.959259
164 0.959410
163 0.959559
162 0.959707
161 0.959854
160 0.960000
159 0.960145
158 0.960289
157 0.960432
156 0.960573
155 0.960714
154 0.960854
153 0.960993
152 0.961131
151 0.961268
150 0.961404
149 0.961538
148 0.961672
147 0.968750
146 0.968858
145 0.968966
144 0.969072
143 0.969178
142 0.969283
141 0.969388
140 0.969492
139 0.969595
138 0.969697
137 0.969799
136 0.969900
135 0.970000
134 0.970100
133 0.970199
132 0.970297
131 0.970395
130 0.934426
129 0.934641
128 0.970684
127 0.970779
126 0.970874
125 0.970968
124 0.971061
123 0.971154
122 0.971246
121 0.971338
120 0.974603
119 0.949367
118 0.949527
117 0.949686
116 0.949843
115 0.950000
114 0.950156
113 0.950311
112 0.950464
111 0.950617
110 0.947692
109 0.947853
108 0.941896
107 0.948171
106 0.948328
105 0.948485
104 0.948640
103 0.948795
102 0.948949
101 0.949102
100 0.949254
99 0.949405
98 0.949555
97 0.949704
96 0.949853
95 0.938235
94 0.917889
93 0.915205
92 0.915452
91 0.915698
90 0.915942
89 0.916185
88 0.916427
87 0.916667
86 0.916905
85 0.917143
84 0.917379
83 0.917614
82 0.917847
81 0.915254
80 0.915493
79 0.915730
78 0.915966
77 0.916201
76 0.916435
75 0.916667
74 0.916898
73 0.917127
72 0.917355
71 0.917582
70 0.920548
69 0.920765
68 0.920981
67 0.921196
66 0.921409
65 0.921622
64 0.921833
63 0.922043
62 0.919571
61 0.917112
60 0.917333
59 0.946809
58 0.946950
57 0.917989
56 0.918206
55 0.947368
54 0.947507
53 0.947644
52 0.947781
51 0.947917
0.960583
