385 0.980000
384 0.980392
383 0.980769
382 0.981132
381 0.981481
380 0.981818
379 0.982143
378 0.982456
377 0.982759
376 0.983051
375 0.983333
374 0.983607
373 0.983871
372 0.984127
371 0.984375
370 0.984615
369 0.984848
368 0.985075
367 0.985294
366 0.985507
365 0.985714
364 0.985915
363 0.958333
362 0.958904
361 0.959459
360 0.960000
359 0.947368
358 0.948052
357 0.948718
356 0.949367
355 0.950000
354 0.950617
353 0.951220
352 0.951807
351 0.952381
350 0.952941
349 0.953488
348 0.954023
347 0.954545
346 0.955056
345 0.955556
344 0.956044
343 0.956522
342 0.956989
341 0.957447
340 0.957895
339 0.958333
338 0.958763
337 0.948980
336 0.949495
335 0.950000
334 0.950495
333 0.950980
332 0.951456
331 0.951923
330 0.952381
329 0.952830
328 0.953271
327 0.925926
326 0.926606
325 0.927273
324 0.927928
323 0.928571
322 0.929204
321 0.929825
320 0.930435
319 0.931034
318 0.931624
317 0.932203
316 0.932773
315 0.933333
314 0.933884
313 0.934426
312 0.934959
311 0.935484
310 0.936000
309 0.936508
308 0.937008
307 0.937500
306 0.937984
305 0.938462
304 0.938931
303 0.939394
302 0.939850
301 0.940299
300 0.940741
299 0.941176
298 0.941606
297 0.942029
296 0.942446
295 0.942857
294 0.943262
293 0.943662
292 0.944056
291 0.944444
290 0.944828
289 0.945205
288 0.945578
287 0.945946
286 0.946309
285 0.946667
284 0.947020
283 0.940789
282 0.941176
281 0.941558
280 0.941935
279 0.955128
278 0.955414
277 0.955696
276 0.955975
275 0.956250
274 0.956522
273 0.956790
272 0.957055
271 0.957317
270 0.957576
269 0.957831
268 0.958084
267 0.958333
266 0.958580
265 0.958824
264 0.959064
263 0.959302
262 0.959538
261 0.959770
260 0.960000
259 0.960227
258 0.960452
257 0.960674
256 0.960894
255 0.961111
254 0.961326
253 0.961538
252 0.961749
251 0.956522
250 0.956757
249 0.956989
248 0.957219
247 0.957447
246 0.957672
245 0.957895
244 0.958115
243 0.958333
242 0.958549
241 0.958763
240 0.958974
239 0.959184
238 0.959391
237 0.959596
236 0.959799
235 0.960000
234 0.960199
233 0.960396
232 0.960591
231 0.960784
230 0.960976
229 0.961165
228 0.961353
227 0.961538
226 0.961722
225 0.961905
224 0.962085
223 0.962264
222 0.962441
221 0.962617
220 0.962791
219 0.949074
218 0.949309
217 0.949541
216 0.949772
215 0.950000
214 0.950226
213 0.950450
212 0.950673
211 0.950893
210 0.951111
209 0.951327
208 0.951542
207 0.951754
206 0.951965
205 0.952174
204 0.952381
203 0.952586
202 0.952790
201 0.952991
200 0.953191
199 0.953390
198 0.953586
197 0.953782
196 0.953975
195 0.954167
194 0.954357
193 0.954545
192 0.938272
191 0.938525
190 0.938776
189 0.939024
188 0.939271
187 0.939516
186 0.939759
185 0.940000
184 0.940239
183 0.940476
182 0.940711
181 0.940945
180 0.941176
179 0.941406
178 0.941634
177 0.941860
176 0.942085
175 0.942308
174 0.942529
173 0.942748
172 0.942966
171 0.943182
170 0.943396
169 0.943609
168 0.943820
167 0.955224
166 0.955390
165 0.955556
164 0.955720
163 0.955882
162 0.956044
161 0.956204
160 0.956364
159 0.956522
158 0.956679
157 0.956835
156 0.956989
155 0.957143
154 0.957295
153 0.957447
152 0.957597
151 0.957746
150 0.957895
149 0.958042
148 0.958188
147 0.958333
146 0.958478
145 0.958621
144 0.958763
143 0.958904
142 0.959044
141 0.959184
140 0.959322
139 0.959459
138 0.959596
137 0.959732
136 0.959866
135 0.960000
134 0.960133
133 0.960265
132 0.960396
131 0.960526
130 0.924590
129 0.924837
128 0.944625
127 0.944805
126 0.944984
125 0.945161
124 0.945338
123 0.945513
122 0.945687
121 0.945860
120 0.946032
119 0.936709
118 0.936909
117 0.937107
116 0.937304
115 0.937500
114 0.937695
113 0.937888
112 0.938080
111 0.938272
110 0.935385
109 0.935583
108 0.932722
107 0.932927
106 0.933131
105 0.933333
104 0.933535
103 0.933735
102 0.933934
101 0.934132
100 0.934328
99 0.934524
98 0.934718
97 0.934911
96 0.935103
95 0.932353
94 0.906158
93 0.906433
92 0.906706
91 0.906977
90 0.907246
89 0.907514
88 0.907781
87 0.908046
86 0.908309
85 0.908571
84 0.908832
83 0.909091
82 0.909348
81 0.909605
80 0.909859
79 0.910112
78 0.910364
77 0.910615
76 0.910864
75 0.911111
74 0.911357
73 0.911602
72 0.911846
71 0.912088
70 0.912329
69 0.912568
68 0.912807
67 0.913043
66 0.913279
65 0.913514
64 0.913747
63 0.913978
62 0.914209
61 0.914439
60 0.938667
59 0.941489
58 0.941645
57 0.941799
56 0.941953
55 0.942105
54 0.942257
53 0.942408
52 0.942559
51 0.942708
0.947224
