50 0.875325
51 0.875000
52 0.874674
53 0.874346
54 0.874016
55 0.873684
56 0.873351
57 0.873016
58 0.872679
59 0.872340
60 0.872000
61 0.871658
62 0.871314
63 0.870968
64 0.870620
65 0.870270
66 0.869919
67 0.869565
68 0.869210
69 0.868852
70 0.868493
71 0.868132
72 0.922865
73 0.922652
74 0.922438
75 0.922222
76 0.944290
77 0.944134
78 0.918768
79 0.918539
80 0.918310
81 0.918079
82 0.917847
83 0.917614
84 0.917379
85 0.917143
86 0.916905
87 0.916667
88 0.916427
89 0.916185
90 0.915942
91 0.915698
92 0.915452
93 0.915205
94 0.914956
95 0.914706
96 0.914454
97 0.914201
98 0.913947
99 0.913690
100 0.913433
101 0.913174
102 0.912913
103 0.912651
104 0.912387
105 0.912121
106 0.911854
107 0.911585
108 0.908257
109 0.907975
110 0.907692
111 0.907407
112 0.907121
113 0.906832
114 0.906542
115 0.906250
116 0.905956
117 0.905660
118 0.895899
119 0.895570
120 0.904762
121 0.904459
122 0.904153
123 0.903846
124 0.903537
125 0.903226
126 0.902913
127 0.902597
128 0.902280
129 0.901961
130 0.901639
131 0.901316
132 0.900990
133 0.900662
134 0.900332
135 0.900000
136 0.899666
137 0.899329
138 0.898990
139 0.898649
140 0.898305
141 0.897959
142 0.897611
143 0.897260
144 0.896907
145 0.896552
146 0.896194
147 0.895833
148 0.895470
149 0.895105
150 0.894737
151 0.894366
152 0.897527
153 0.897163
154 0.896797
155 0.896429
156 0.896057
157 0.895683
158 0.895307
159 0.894928
160 0.894545
161 0.894161
162 0.893773
163 0.893382
164 0.892989
165 0.892593
166 0.892193
167 0.891791
168 0.891386
169 0.890977
170 0.890566
171 0.890152
172 0.889734
173 0.889313
174 0.888889
175 0.888462
176 0.888031
177 0.918605
178 0.918288
179 0.917969
180 0.917647
181 0.917323
182 0.916996
183 0.916667
184 0.916335
185 0.916000
186 0.915663
187 0.915323
188 0.914980
189 0.914634
190 0.914286
191 0.913934
192 0.913580
193 0.913223
194 0.912863
195 0.912500
196 0.912134
197 0.911765
198 0.919831
199 0.919492
200 0.919149
201 0.918803
202 0.918455
203 0.918103
204 0.917749
205 0.917391
206 0.917031
207 0.916667
208 0.916300
209 0.915929
210 0.915556
211 0.915179
212 0.914798
213 0.914414
214 0.914027
215 0.913636
216 0.913242
217 0.912844
218 0.912442
219 0.912037
220 0.911628
221 0.911215
222 0.910798
223 0.910377
224 0.909953
225 0.909524
226 0.909091
227 0.908654
228 0.908213
229 0.907767
230 0.907317
231 0.906863
232 0.906404
233 0.905941
234 0.905473
235 0.905000
236 0.904523
237 0.904040
238 0.903553
239 0.903061
240 0.928205
241 0.927835
242 0.927461
243 0.932292
244 0.931937
245 0.931579
246 0.931217
247 0.930851
248 0.930481
249 0.946237
250 0.945946
251 0.945652
252 0.945355
253 0.945055
254 0.944751
255 0.944444
256 0.944134
257 0.943820
258 0.943503
259 0.943182
260 0.942857
261 0.942529
262 0.942197
263 0.941860
264 0.941520
265 0.941176
266 0.940828
267 0.940476
268 0.940120
269 0.939759
270 0.939394
271 0.939024
272 0.938650
273 0.938272
274 0.937888
275 0.937500
276 0.937107
277 0.936709
278 0.936306
279 0.935897
280 0.935484
281 0.935065
282 0.934641
283 0.934211
284 0.933775
285 0.933333
286 0.932886
287 0.932432
288 0.931973
289 0.931507
290 0.931034
291 0.930556
292 0.930070
293 0.929577
294 0.929078
295 0.928571
296 0.928058
297 0.927536
298 0.927007
299 0.926471
300 0.925926
301 0.925373
302 0.924812
303 0.924242
304 0.923664
305 0.923077
306 0.922481
307 0.921875
308 0.921260
309 0.920635
310 0.920000
311 0.919355
312 0.918699
313 0.918033
314 0.917355
315 0.916667
316 0.915966
317 0.915254
318 0.923077
319 0.922414
320 0.921739
321 0.921053
322 0.920354
323 0.919643
324 0.918919
325 0.918182
326 0.917431
327 0.935185
328 0.934579
329 0.933962
330 0.933333
331 0.932692
332 0.932039
333 0.931373
334 0.930693
335 0.930000
336 0.929293
337 0.928571
338 0.927835
339 0.927083
340 0.926316
341 0.925532
342 0.924731
343 0.923913
344 0.923077
345 0.922222
346 0.921348
347 0.920455
348 0.919540
349 0.918605
350 0.917647
351 0.916667
352 0.915663
353 0.914634
354 0.938272
355 0.937500
356 0.936709
357 0.935897
358 0.935065
359 0.934211
360 0.933333
361 0.932432
362 0.931507
363 0.930556
364 0.929577
365 0.928571
366 0.927536
367 0.926471
368 0.925373
369 0.924242
370 0.923077
371 0.921875
372 0.920635
373 0.919355
374 0.918033
375 0.916667
376 0.932203
377 0.931034
378 0.929825
379 0.928571
380 0.927273
381 0.925926
382 0.924528
383 0.942308
384 0.941176
0.915094
