385 0.960000
384 0.960784
383 0.961538
382 0.962264
381 0.962963
380 0.963636
379 0.964286
378 0.964912
377 0.965517
376 0.966102
375 0.966667
374 0.967213
373 0.967742
372 0.968254
371 0.968750
370 0.969231
369 0.969697
368 0.970149
367 0.970588
366 0.971014
365 0.971429
364 0.971831
363 0.958333
362 0.958904
361 0.959459
360 0.960000
359 0.960526
358 0.961039
357 0.961538
356 0.962025
355 0.962500
354 0.962963
353 0.963415
352 0.963855
351 0.964286
350 0.964706
349 0.965116
348 0.965517
347 0.965909
346 0.966292
345 0.966667
344 0.967033
343 0.967391
342 0.967742
341 0.968085
340 0.968421
339 0.968750
338 0.969072
337 0.969388
336 0.969697
335 0.970000
334 0.970297
333 0.970588
332 0.970874
331 0.971154
330 0.961905
329 0.962264
328 0.962617
327 0.962963
326 0.963303
325 0.963636
324 0.963964
323 0.964286
322 0.964602
321 0.964912
320 0.965217
319 0.965517
318 0.965812
317 0.966102
316 0.966387
315 0.966667
314 0.966942
313 0.967213
312 0.967480
311 0.967742
310 0.968000
309 0.968254
308 0.968504
307 0.968750
306 0.968992
305 0.969231
304 0.969466
303 0.969697
302 0.969925
301 0.970149
300 0.970370
299 0.970588
298 0.970803
297 0.971014
296 0.971223
295 0.971429
294 0.971631
293 0.971831
292 0.972028
291 0.972222
290 0.965517
289 0.965753
288 0.965986
287 0.966216
286 0.966443
285 0.966667
284 0.966887
283 0.960526
282 0.960784
281 0.961039
280 0.961290
279 0.967949
278 0.968153
277 0.968354
276 0.968553
275 0.968750
274 0.968944
273 0.969136
272 0.969325
271 0.969512
270 0.969697
269 0.969880
268 0.970060
267 0.964286
266 0.964497
265 0.964706
264 0.964912
263 0.965116
262 0.965318
261 0.965517
260 0.965714
259 0.965909
258 0.966102
257 0.966292
256 0.966480
255 0.966667
254 0.966851
253 0.967033
252 0.967213
251 0.951087
250 0.951351
249 0.951613
248 0.951872
247 0.952128
246 0.952381
245 0.952632
244 0.952880
243 0.953125
242 0.953368
241 0.953608
240 0.953846
239 0.954082
238 0.954315
237 0.954545
236 0.954774
235 0.955000
234 0.955224
233 0.955446
232 0.955665
231 0.955882
230 0.956098
229 0.956311
228 0.956522
227 0.956731
226 0.956938
225 0.957143
224 0.957346
223 0.957547
222 0.957746
221 0.957944
220 0.958140
219 0.949074
218 0.949309
217 0.949541
216 0.949772
215 0.950000
214 0.950226
213 0.950450
212 0.950673
211 0.950893
210 0.951111
209 0.951327
208 0.951542
207 0.951754
206 0.951965
205 0.952174
204 0.952381
203 0.952586
202 0.952790
201 0.952991
200 0.953191
199 0.953390
198 0.953586
197 0.953782
196 0.953975
195 0.954167
194 0.954357
193 0.954545
192 0.950617
191 0.950820
190 0.951020
189 0.951220
188 0.951417
187 0.951613
186 0.951807
185 0.952000
184 0.952191
183 0.952381
182 0.952569
181 0.952756
180 0.952941
179 0.953125
178 0.953307
177 0.953488
176 0.953668
175 0.953846
174 0.954023
173 0.954198
172 0.954373
171 0.954545
170 0.954717
169 0.954887
168 0.955056
167 0.955224
166 0.955390
165 0.955556
164 0.955720
163 0.955882
162 0.956044
161 0.956204
160 0.956364
159 0.956522
158 0.956679
157 0.956835
156 0.956989
155 0.957143
154 0.957295
153 0.957447
152 0.957597
151 0.957746
150 0.957895
149 0.958042
148 0.958188
147 0.958333
146 0.958478
145 0.958621
144 0.958763
143 0.958904
142 0.959044
141 0.959184
140 0.959322
139 0.959459
138 0.959596
137 0.959732
136 0.959866
135 0.960000
134 0.960133
133 0.960265
132 0.960396
131 0.960526
130 0.924590
129 0.924837
128 0.944625
127 0.944805
126 0.944984
125 0.945161
124 0.945338
123 0.945513
122 0.945687
121 0.945860
120 0.952381
119 0.943038
118 0.943218
117 0.943396
116 0.943574
115 0.943750
114 0.943925
113 0.944099
112 0.944272
111 0.944444
110 0.938462
109 0.938650
108 0.932722
107 0.932927
106 0.933131
105 0.933333
104 0.933535
103 0.933735
102 0.933934
101 0.934132
100 0.934328
99 0.934524
98 0.934718
97 0.934911
96 0.935103
95 0.932353
94 0.906158
93 0.909357
92 0.909621
91 0.909884
90 0.910145
89 0.910405
88 0.910663
87 0.910920
86 0.911175
85 0.911429
84 0.911681
83 0.911932
82 0.917847
81 0.915254
80 0.915493
79 0.915730
78 0.915966
77 0.916201
76 0.916435
75 0.916667
74 0.916898
73 0.917127
72 0.917355
71 0.914835
70 0.920548
69 0.920765
68 0.920981
67 0.921196
66 0.921409
65 0.921622
64 0.921833
63 0.922043
62 0.919571
61 0.917112
60 0.938667
59 0.941489
58 0.941645
57 0.947090
56 0.947230
55 0.947368
54 0.947507
53 0.947644
52 0.947781
51 0.947917
0.953520
