0.100791
0.19697
0.295125
0.38274
0.660079
0.768116
0.581686
0.581028
0.757576
0.760211
0.859684
0.935441
0.944664
0.939394
0.950593
0.938076
0.942029
0.947299
0.942029
0.944664
0.937418
0.945323
0.945323
0.932806
0.951252
0.950593
0.944005
0.937418
0.942688
0.9361
0.945323
0.947299
0.102108
0.94137
0.102108
0.100132
0.102108
0.101449
0.100791
0.100791
0.102767
0.100791
0.0988142
0.0988142
0.102767
0.100132
0.102108
0.099473
0.099473
0.0968379
0.102767
0.100791
0.100132
0.102767
0.102108
0.0968379
0.0968379
0.0968379
0.0988142
0.102108
0.0988142
0.100791
0.0968379
0.100791
best: 25hit: 0.951252
