1 0.898771 0.900527
2 0.898771 0.900527
3 0.898771 0.900527
4 0.898771 0.900527
5 0.898771 0.900527
6 0.898771 0.900527
7 0.898771 0.900527
8 0.898771 0.900527
9 0.898771 0.900527
10 0.898771 0.900527
11 0.898771 0.900527
12 0.898771 0.900527
13 0.898771 0.900527
14 0.898771 0.900527
15 0.898771 0.900527
16 0.898771 0.900527
17 0.898771 0.900527
18 0.898771 0.900527
19 0.898771 0.900527
20 0.515825 0.511858
21 0.512686 0.51054
22 0.516348 0.512516
23 0.510071 0.509881
24 0.52001 0.527668
25 0.514256 0.519104
26 0.517395 0.517787
27 0.517656 0.513834
28 0.508501 0.513175
29 0.510855 0.520422
30 0.526027 0.527009
31 0.51164 0.51581
32 0.52001 0.524374
33 0.507978 0.51054
34 0.323306 0.33004
35 0.323829 0.346509
36 0.419304 0.428195
37 0.340047 0.362319
38 0.333246 0.351779
39 0.324614 0.343215
40 0.320429 0.343215
41 0.232278 0.243742
42 0.270207 0.289196
43 0.222338 0.241107
44 0.218938 0.235837
45 0.222077 0.243083
46 0.233325 0.251647
47 0.230186 0.254282
48 0.226524 0.250988
49 0.218938 0.237154
50 0.229663 0.254941
51 0.230447 0.261528
52 0.227047 0.252964
53 0.234109 0.256917
54 0.226262 0.241107
55 0.221031 0.242424
56 0.216061 0.237813
57 0.217369 0.236495
58 0.216584 0.234519
59 0.216584 0.235837
60 0.228616 0.247694
61 0.218415 0.244401
62 0.216322 0.241107
63 0.216061 0.234519
64 0.216584 0.233202
65 0.217107 0.242424
66 0.219984 0.236495
67 0.215014 0.231225
68 0.2192 0.235178
69 0.217107 0.236495
70 0.215276 0.237154
71 0.2226 0.243742
72 0.215538 0.242424
73 0.229924 0.256258
74 0.2226 0.244401
75 0.215799 0.235837
76 0.234371 0.264822
77 0.216061 0.235837
78 0.214491 0.237813
79 0.212399 0.23386
80 0.221292 0.246377
81 0.213445 0.237813
82 0.213968 0.235178
83 0.215799 0.237154
84 0.214491 0.23913
85 0.21763 0.242424
86 0.215538 0.238472
87 0.221292 0.242424
88 0.211875 0.23386
89 0.216061 0.237154
90 0.211352 0.233202
91 0.235156 0.250329
92 0.215014 0.244401
93 0.211614 0.242424
94 0.211614 0.241107
95 0.210568 0.237813
96 0.215276 0.242424
97 0.211091 0.239789
98 0.211875 0.243742
99 0.215538 0.241107
100 0.213707 0.237813
101 0.213445 0.237813
102 0.21266 0.241765
103 0.21423 0.240448
104 0.214491 0.237813
105 0.213707 0.241765
106 0.211091 0.240448
107 0.210829 0.235837
108 0.213183 0.243742
109 0.21266 0.239789
110 0.213445 0.240448
111 0.210829 0.237813
112 0.210568 0.23913
113 0.213968 0.243742
114 0.215799 0.247036
115 0.210306 0.239789
116 0.211352 0.238472
117 0.212399 0.23913
118 0.210568 0.235178
119 0.210568 0.23386
120 0.211614 0.23913
121 0.212922 0.237154
122 0.210568 0.237154
123 0.211091 0.238472
124 0.212399 0.241107
125 0.21266 0.235837
126 0.210568 0.240448
127 0.226524 0.248353
128 0.211352 0.236495
129 0.224431 0.245718
130 0.212922 0.235837
131 0.21266 0.240448
132 0.210829 0.237154
133 0.212399 0.239789
134 0.210044 0.237154
135 0.211091 0.238472
136 0.210829 0.241107
137 0.212137 0.240448
138 0.210306 0.240448
139 0.221554 0.248353
140 0.218415 0.247694
141 0.214753 0.239789
142 0.216061 0.243083
143 0.210306 0.237154
144 0.210044 0.23913
145 0.211875 0.243742
146 0.210306 0.236495
147 0.211091 0.242424
148 0.211352 0.238472
149 0.210044 0.236495
150 0.217369 0.251647
151 0.216845 0.240448
152 0.212922 0.237813
153 0.211091 0.238472
154 0.210829 0.238472
155 0.210829 0.235178
156 0.210568 0.237154
157 0.210829 0.239789
158 0.211614 0.240448
159 0.21266 0.241765
160 0.210306 0.235837
161 0.213183 0.241765
162 0.211091 0.240448
163 0.218153 0.243742
164 0.212137 0.23913
165 0.210568 0.236495
166 0.211875 0.241107
167 0.213707 0.244401
168 0.211091 0.241107
169 0.211875 0.237813
170 0.217107 0.238472
171 0.211352 0.241765
172 0.210568 0.241765
173 0.214491 0.245718
174 0.216584 0.238472
175 0.211614 0.235837
176 0.213183 0.241107
177 0.211091 0.237813
178 0.212399 0.245718
179 0.210568 0.23913
180 0.210306 0.237813
181 0.213707 0.241765
182 0.212399 0.238472
183 0.211875 0.238472
184 0.209783 0.238472
185 0.211614 0.241765
186 0.210306 0.237154
187 0.212922 0.239789
188 0.211091 0.237154
189 0.210306 0.235837
190 0.212137 0.238472
191 0.210306 0.234519
192 0.210306 0.233202
193 0.210568 0.234519
194 0.210306 0.233202
195 0.210829 0.237154
196 0.210044 0.237154
197 0.212137 0.237813
198 0.210568 0.237154
199 0.210568 0.236495
200 0.210044 0.235178
201 0.212922 0.237813
202 0.21266 0.238472
203 0.21763 0.237813
204 0.211875 0.238472
205 0.210306 0.241765
206 0.210044 0.237154
207 0.211091 0.236495
208 0.210829 0.237154
209 0.210568 0.241765
210 0.210044 0.236495
211 0.210306 0.238472
212 0.212399 0.235837
213 0.210568 0.236495
214 0.209783 0.235178
215 0.211614 0.241107
216 0.209783 0.237154
217 0.211352 0.236495
218 0.210044 0.237813
219 0.210306 0.235178
220 0.212137 0.241765
221 0.210829 0.237813
222 0.211091 0.235837
223 0.210829 0.237154
224 0.210568 0.235837
225 0.210306 0.237154
226 0.213968 0.245718
227 0.210044 0.237813
228 0.211614 0.241107
229 0.211091 0.240448
230 0.209783 0.240448
231 0.209783 0.236495
232 0.210829 0.243742
233 0.210044 0.237813
234 0.211091 0.241765
235 0.210306 0.237813
236 0.120324 0.162055
237 0.111169 0.140316
238 0.110385 0.139657
239 0.112739 0.145586
240 0.111431 0.146904
241 0.110908 0.140975
242 0.114831 0.145586
243 0.111431 0.140975
244 0.111169 0.142951
245 0.111169 0.142951
246 0.110908 0.14361
247 0.110908 0.138999
248 0.110385 0.142292
249 0.110385 0.137681
250 0.110646 0.138999
251 0.111169 0.142292
252 0.111431 0.142951
253 0.111692 0.145586
254 0.111431 0.14888
255 0.1096 0.139657
256 0.110646 0.142292
257 0.110385 0.141634
258 0.112739 0.146904
259 0.117447 0.144928
260 0.115093 0.146904
261 0.110123 0.138999
262 0.111169 0.144928
263 0.110123 0.14361
264 0.109338 0.140316
265 0.114831 0.144269
266 0.111169 0.13834
267 0.110908 0.13834
268 0.110908 0.141634
269 0.110385 0.140975
270 0.109861 0.137022
271 0.113262 0.142292
272 0.116401 0.150198
273 0.122679 0.148221
274 0.110123 0.139657
275 0.109861 0.137681
276 0.110123 0.136364
277 0.110646 0.137022
278 0.109077 0.135705
279 0.109338 0.137022
280 0.109338 0.137681
281 0.110123 0.137681
282 0.113785 0.142292
283 0.111692 0.140975
284 0.110646 0.136364
285 0.110908 0.13834
286 0.111954 0.140316
287 0.109861 0.136364
288 0.1096 0.135705
289 0.109861 0.135705
290 0.109861 0.136364
291 0.109861 0.137022
292 0.110123 0.139657
293 0.110908 0.141634
294 0.1096 0.135705
295 0.110646 0.138999
296 0.115093 0.144269
297 0.109861 0.139657
298 0.1096 0.138999
299 0.116924 0.146904
300 0.110385 0.137681
301 0.109338 0.140975
302 0.109338 0.13834
303 0.109338 0.138999
304 0.110123 0.138999
305 0.1096 0.137681
306 0.1096 0.137681
307 0.109861 0.137681
308 0.111169 0.13834
309 0.110385 0.13834
310 0.110908 0.138999
311 0.111431 0.140316
312 0.115616 0.14361
313 0.109861 0.138999
314 0.110908 0.140316
315 0.110385 0.139657
316 0.109861 0.137022
317 0.115354 0.142951
318 0.109861 0.138999
319 0.110908 0.140316
320 0.110385 0.139657
321 0.110385 0.137681
322 0.113 0.140975
323 0.1096 0.135705
324 0.1096 0.137681
325 0.109338 0.136364
326 0.110385 0.140975
327 0.109861 0.137681
328 0.1096 0.137022
329 0.1096 0.137681
330 0.1096 0.137681
331 0.1096 0.137022
332 0.1096 0.137681
333 0.1096 0.137681
334 0.110385 0.137681
335 0.110385 0.13834
336 0.112739 0.138999
337 0.110385 0.141634
338 0.110123 0.13834
339 0.110385 0.137681
340 0.120848 0.14888
341 0.1096 0.136364
342 0.1096 0.138999
343 0.109338 0.13834
344 0.111169 0.141634
345 0.1096 0.138999
346 0.110385 0.140975
347 0.111954 0.142292
348 0.109861 0.140316
349 0.112216 0.14361
350 0.111431 0.14361
351 0.110385 0.139657
352 0.1096 0.138999
353 0.110385 0.139657
354 0.110385 0.140316
355 0.110385 0.140975
356 0.1096 0.139657
357 0.110385 0.139657
358 0.1096 0.138999
359 0.110385 0.140975
360 0.110385 0.140975
361 0.110385 0.140975
362 0.1096 0.138999
363 0.1096 0.138999
364 0.1096 0.138999
365 0.110385 0.140316
366 0.110385 0.140316
367 0.110385 0.139657
368 0.112216 0.144928
369 0.110385 0.140316
370 0.1096 0.140975
371 0.1096 0.140316
372 0.1096 0.138999
373 0.110385 0.140316
374 0.1096 0.13834
375 0.1096 0.137681
376 0.110385 0.140316
377 0.110385 0.138999
378 0.110908 0.141634
379 0.110385 0.140975
380 0.1096 0.138999
381 0.1096 0.138999
382 0.110385 0.139657
383 0.110385 0.139657
384 0.110385 0.139657
385 0.110385 0.140316
386 0.110385 0.14361
387 0.110385 0.140975
388 0.110385 0.140316
389 0.110385 0.138999
390 0.110385 0.139657
391 0.109338 0.139657
392 0.109861 0.139657
393 0.110646 0.140975
394 0.1096 0.139657
395 0.109077 0.139657
396 0.110385 0.142951
397 0.109861 0.138999
398 0.111954 0.144269
399 0.109861 0.145586
400 0.110646 0.140975
401 0.110385 0.141634
402 0.110123 0.140316
403 0.110646 0.142292
404 0.110908 0.14361
405 0.109338 0.142951
406 0.110646 0.150856
407 0.109077 0.14361
408 0.110385 0.141634
409 0.109077 0.141634
410 0.109077 0.142951
411 0.110385 0.144928
412 0.111431 0.147563
413 0.109861 0.145586
414 0.109861 0.145586
415 0.110646 0.149539
416 0.109077 0.142292
417 0.109861 0.142951
418 0.110908 0.14888
419 0.108815 0.144269
420 0.109338 0.144928
421 0.109077 0.142951
422 0.108815 0.141634
423 0.1096 0.146245
424 0.109077 0.142292
425 0.107769 0.140975
426 0.1096 0.142951
427 0.1096 0.142292
428 0.110123 0.140316
429 0.108292 0.144269
430 0.106199 0.142292
431 0.10803 0.139657
432 0.102537 0.134387
433 0.102276 0.136364
434 0.0797803 0.11726
435 0.00915511 0.0480896
436 0.00810882 0.0480896
437 0.00941669 0.0494071
438 0.00993984 0.0513834
439 0.0107246 0.0500659
440 0.0136019 0.0494071
441 0.010463 0.0494071
442 0.0102014 0.0540184
443 0.0133403 0.0533597
444 0.0143866 0.055336
445 0.00889354 0.0520422
446 0.00993984 0.0527009
447 0.014125 0.0566535
448 0.0120324 0.0500659
449 0.010463 0.0533597
450 0.0115093 0.0546772
451 0.00810882 0.0507246
452 0.0107246 0.0513834
453 0.0120324 0.057971
454 0.014125 0.0533597
455 0.0146482 0.057971
456 0.00863196 0.0513834
457 0.00993984 0.0527009
458 0.0180487 0.0625823
459 0.0125556 0.0494071
460 0.00967826 0.0467721
461 0.00967826 0.0494071
462 0.010463 0.0520422
463 0.0136019 0.0533597
464 0.00889354 0.0520422
465 0.0102014 0.0527009
466 0.0170024 0.0566535
467 0.0151713 0.0559947
468 0.010463 0.0533597
469 0.0115093 0.0527009
470 0.019095 0.0619236
471 0.00941669 0.0520422
472 0.00758567 0.0527009
473 0.00758567 0.0533597
474 0.0154329 0.0612648
475 0.00915511 0.0546772
476 0.0167408 0.0592885
477 0.0112477 0.0500659
478 0.00889354 0.0487484
479 0.00863196 0.0540184
480 0.0102014 0.0520422
481 0.0211875 0.0632411
482 0.010463 0.0566535
483 0.00941669 0.057971
484 0.00810882 0.0566535
485 0.0109861 0.057971
486 0.010463 0.0540184
487 0.0136019 0.0606061
488 0.00810882 0.0513834
489 0.00810882 0.0566535
490 0.00915511 0.0507246
491 0.010463 0.0494071
492 0.00993984 0.057971
493 0.0162176 0.06917
494 0.0120324 0.0566535
495 0.00837039 0.0533597
496 0.00993984 0.0559947
497 0.0102014 0.0527009
498 0.00758567 0.0559947
499 0.0133403 0.0566535
500 0.0159561 0.057971
501 0.00758567 0.0540184
502 0.00837039 0.0513834
503 0.00863196 0.0559947
504 0.00758567 0.0540184
505 0.0120324 0.057971
506 0.00732409 0.0513834
507 0.0211875 0.0606061
508 0.0201413 0.0632411
509 0.00810882 0.0520422
510 0.00941669 0.0573123
511 0.0128172 0.0546772
512 0.00758567 0.0507246
513 0.0149098 0.0507246
514 0.00810882 0.0527009
515 0.00653937 0.0540184
516 0.00810882 0.0520422
517 0.00680094 0.0513834
518 0.00680094 0.0540184
519 0.00758567 0.0507246
520 0.0107246 0.0586298
521 0.0102014 0.055336
522 0.00784724 0.0520422
523 0.00706252 0.0513834
524 0.0130787 0.055336
525 0.0374052 0.0764163
526 0.00967826 0.0540184
527 0.00758567 0.0559947
528 0.00915511 0.0500659
529 0.00915511 0.0599473
530 0.0138635 0.0559947
531 0.00732409 0.0546772
532 0.00784724 0.0546772
533 0.0117709 0.0599473
534 0.0117709 0.0546772
535 0.0133403 0.0513834
536 0.00915511 0.055336
537 0.00653937 0.0540184
538 0.0115093 0.0513834
539 0.012294 0.0507246
540 0.00706252 0.0494071
541 0.00784724 0.0487484
542 0.00680094 0.0487484
543 0.00680094 0.0494071
544 0.00837039 0.0480896
545 0.0159561 0.0487484
546 0.00732409 0.0461133
547 0.0164792 0.0586298
548 0.0177871 0.0586298
549 0.0128172 0.0507246
550 0.00993984 0.0461133
551 0.0138635 0.0546772
552 0.00680094 0.0500659
553 0.00941669 0.0474308
554 0.0112477 0.0540184
555 0.00758567 0.0520422
556 0.00784724 0.0500659
557 0.00680094 0.0487484
558 0.00680094 0.0467721
559 0.0112477 0.0520422
560 0.00706252 0.0513834
561 0.00680094 0.0507246
562 0.00889354 0.0507246
563 0.00758567 0.0566535
564 0.00680094 0.0480896
565 0.010463 0.055336
566 0.0102014 0.0487484
567 0.00706252 0.0533597
568 0.0125556 0.0573123
569 0.00993984 0.0513834
570 0.00837039 0.0527009
571 0.0196181 0.0625823
572 0.00889354 0.0461133
573 0.0159561 0.0540184
574 0.0117709 0.0500659
575 0.0170024 0.0612648
576 0.00732409 0.0500659
577 0.00915511 0.0546772
578 0.0151713 0.0546772
579 0.0125556 0.0494071
580 0.00680094 0.0500659
581 0.00706252 0.0474308
582 0.00627779 0.0461133
583 0.00627779 0.0480896
584 0.00941669 0.0507246
585 0.00627779 0.0474308
586 0.00680094 0.0487484
587 0.00758567 0.0513834
588 0.00680094 0.0474308
589 0.00837039 0.0480896
590 0.00758567 0.0480896
591 0.00627779 0.0494071
592 0.00627779 0.0487484
593 0.00627779 0.0487484
594 0.00653937 0.0487484
595 0.00653937 0.0487484
596 0.00837039 0.0474308
597 0.014125 0.0533597
598 0.00653937 0.0487484
599 0.00680094 0.0474308
600 0.00653937 0.0461133
601 0.00680094 0.0494071
602 0.00732409 0.0533597
603 0.00653937 0.0474308
604 0.00680094 0.044137
605 0.00915511 0.0494071
606 0.00758567 0.0494071
607 0.00758567 0.0487484
608 0.00732409 0.0467721
609 0.00863196 0.0467721
610 0.00601622 0.0454545
611 0.00653937 0.0500659
612 0.00627779 0.0487484
613 0.00810882 0.0461133
614 0.00627779 0.0474308
615 0.00627779 0.0487484
616 0.00627779 0.0487484
617 0.00627779 0.0474308
618 0.00627779 0.0474308
619 0.00627779 0.0474308
620 0.00627779 0.0474308
621 0.00627779 0.0474308
622 0.00758567 0.0474308
623 0.00863196 0.0480896
624 0.00680094 0.0487484
625 0.00758567 0.0494071
626 0.0102014 0.0474308
627 0.00706252 0.0494071
628 0.00653937 0.0487484
629 0.00627779 0.0461133
630 0.00627779 0.0454545
631 0.00627779 0.0454545
632 0.00627779 0.0474308
633 0.00627779 0.0480896
634 0.00627779 0.0474308
635 0.00627779 0.0480896
636 0.00627779 0.0474308
637 0.00627779 0.0487484
638 0.00627779 0.0461133
639 0.00732409 0.0474308
640 0.00941669 0.0513834
641 0.0115093 0.0474308
642 0.00653937 0.0480896
643 0.00627779 0.0461133
644 0.00837039 0.0474308
645 0.00627779 0.0474308
646 0.00627779 0.0467721
647 0.00627779 0.0434783
648 0.00653937 0.0474308
649 0.00627779 0.0434783
650 0.00653937 0.0467721
651 0.00680094 0.0474308
652 0.00627779 0.0434783
653 0.00967826 0.0480896
654 0.00653937 0.0454545
655 0.00706252 0.0461133
656 0.00653937 0.0494071
657 0.00758567 0.0494071
658 0.00627779 0.0434783
659 0.00915511 0.0480896
660 0.00627779 0.0467721
661 0.00627779 0.044137
662 0.00680094 0.0461133
663 0.00627779 0.0454545
664 0.00601622 0.0474308
665 0.00627779 0.0447958
666 0.00680094 0.0461133
667 0.00810882 0.0461133
668 0.00627779 0.0447958
669 0.00653937 0.0447958
670 0.00627779 0.0428195
671 0.00784724 0.0507246
672 0.00706252 0.0494071
673 0.00653937 0.0467721
674 0.00889354 0.0454545
675 0.00784724 0.0480896
676 0.00758567 0.0454545
677 0.00732409 0.044137
678 0.00653937 0.0434783
679 0.00627779 0.0421607
680 0.00653937 0.0434783
681 0.00627779 0.044137
682 0.00627779 0.0434783
683 0.00627779 0.0428195
684 0.00627779 0.0434783
685 0.00627779 0.0434783
686 0.00627779 0.0428195
687 0.00627779 0.0421607
688 0.00627779 0.0434783
689 0.00627779 0.0428195
690 0.00601622 0.0428195
691 0.00627779 0.0434783
692 0.00601622 0.0421607
693 0.00627779 0.0434783
694 0.00627779 0.0421607
695 0.00680094 0.0454545
696 0.00601622 0.0454545
697 0.00601622 0.044137
698 0.00601622 0.0434783
699 0.00627779 0.0434783
700 0.00627779 0.0434783
701 0.00627779 0.0434783
702 0.00627779 0.0434783
703 0.00627779 0.0434783
704 0.00627779 0.0434783
705 0.00627779 0.0434783
706 0.00627779 0.0434783
707 0.00627779 0.0434783
708 0.00627779 0.0434783
709 0.00627779 0.0434783
710 0.00627779 0.0434783
711 0.00627779 0.0434783
712 0.00627779 0.0434783
713 0.00627779 0.0434783
714 0.00627779 0.0434783
715 0.00627779 0.044137
716 0.00627779 0.044137
717 0.00627779 0.044137
718 0.00627779 0.044137
719 0.00627779 0.044137
720 0.00627779 0.044137
721 0.00627779 0.0434783
722 0.00627779 0.0434783
723 0.00627779 0.0434783
724 0.00627779 0.0434783
725 0.00627779 0.0434783
726 0.00627779 0.0434783
727 0.00627779 0.0434783
728 0.00627779 0.0428195
729 0.00627779 0.0428195
730 0.00627779 0.0428195
731 0.00627779 0.0428195
732 0.00627779 0.0421607
733 0.00627779 0.0421607
734 0.00627779 0.0421607
735 0.00627779 0.0421607
736 0.00627779 0.0421607
737 0.00627779 0.0421607
738 0.00627779 0.0421607
739 0.00627779 0.0421607
740 0.00627779 0.0421607
741 0.00627779 0.0421607
742 0.00627779 0.0428195
743 0.00627779 0.0428195
744 0.00627779 0.0428195
745 0.00627779 0.0428195
746 0.00627779 0.0428195
747 0.00627779 0.0428195
748 0.00627779 0.0428195
749 0.00627779 0.0428195
750 0.00627779 0.0428195
751 0.00627779 0.0428195
752 0.00627779 0.0428195
753 0.00627779 0.0428195
754 0.00627779 0.0428195
755 0.00627779 0.0428195
756 0.00627779 0.0428195
757 0.00601622 0.0434783
758 0.00627779 0.0428195
759 0.00627779 0.0428195
760 0.00627779 0.0428195
761 0.00627779 0.0428195
762 0.00627779 0.0428195
763 0.00627779 0.0447958
764 0.00627779 0.0447958
765 0.00627779 0.0447958
766 0.00627779 0.0447958
767 0.00627779 0.044137
768 0.00627779 0.0474308
769 0.00627779 0.0434783
770 0.00627779 0.0447958
771 0.00627779 0.0447958
772 0.00653937 0.0434783
773 0.00601622 0.0447958
774 0.00601622 0.0447958
775 0.00601622 0.0447958
776 0.00601622 0.044137
777 0.00601622 0.044137
778 0.00627779 0.0434783
779 0.00627779 0.0434783
780 0.00627779 0.0434783
781 0.00627779 0.0428195
782 0.00627779 0.0428195
783 0.00627779 0.0434783
784 0.00627779 0.0421607
785 0.00627779 0.0428195
786 0.00732409 0.044137
787 0.00627779 0.044137
788 0.00706252 0.0480896
789 0.00601622 0.0447958
790 0.00627779 0.0434783
791 0.00627779 0.044137
792 0.00601622 0.044137
793 0.00601622 0.044137
794 0.00601622 0.0447958
795 0.00627779 0.0434783
796 0.00627779 0.0428195
797 0.00601622 0.0447958
798 0.00627779 0.044137
799 0.00627779 0.0447958
800 0.00627779 0.0447958
801 0.00627779 0.044137
802 0.00627779 0.0447958
803 0.00627779 0.044137
804 0.00627779 0.0447958
805 0.00627779 0.044137
806 0.00627779 0.0434783
807 0.00627779 0.0428195
808 0.00627779 0.0428195
809 0.00627779 0.0434783
810 0.00627779 0.0434783
811 0.00627779 0.0428195
812 0.00627779 0.0428195
813 0.00627779 0.0434783
814 0.00627779 0.0428195
815 0.00627779 0.0434783
816 0.00627779 0.0428195
817 0.00627779 0.0428195
818 0.00627779 0.0428195
819 0.00627779 0.0428195
820 0.00627779 0.0461133
821 0.00627779 0.0467721
822 0.00627779 0.0467721
823 0.00627779 0.0447958
824 0.00627779 0.044137
825 0.00601622 0.0447958
826 0.00601622 0.044137
827 0.00601622 0.0434783
828 0.00601622 0.044137
829 0.00889354 0.0527009
830 0.00653937 0.0454545
831 0.00627779 0.0447958
832 0.00627779 0.0434783
833 0.00627779 0.0428195
834 0.00837039 0.0487484
835 0.00601622 0.0428195
836 0.00680094 0.0434783
837 0.00601622 0.0447958
838 0.00601622 0.0447958
839 0.00758567 0.0487484
840 0.00601622 0.044137
841 0.00653937 0.0461133
842 0.00601622 0.0454545
843 0.00601622 0.0447958
844 0.00601622 0.0454545
845 0.00601622 0.0454545
846 0.00601622 0.0454545
847 0.00601622 0.0454545
848 0.00601622 0.0454545
849 0.00601622 0.0454545
850 0.00601622 0.0454545
851 0.00601622 0.0454545
852 0.00601622 0.0454545
853 0.00601622 0.0447958
854 0.00601622 0.0447958
855 0.00601622 0.0447958
856 0.00601622 0.0447958
857 0.00601622 0.0447958
858 0.00601622 0.0447958
859 0.00601622 0.0447958
860 0.00601622 0.0447958
861 0.00601622 0.0447958
862 0.00627779 0.0447958
863 0.00627779 0.0447958
864 0.00627779 0.0447958
865 0.00627779 0.0447958
866 0.00627779 0.0447958
867 0.00627779 0.0447958
868 0.00627779 0.0447958
869 0.00627779 0.0447958
870 0.00627779 0.0447958
871 0.00627779 0.0447958
872 0.00627779 0.0447958
873 0.00627779 0.0447958
874 0.00627779 0.0447958
875 0.00627779 0.0447958
876 0.00627779 0.0447958
877 0.00627779 0.0447958
878 0.00627779 0.0447958
879 0.00627779 0.0447958
880 0.00627779 0.0447958
881 0.00627779 0.0447958
882 0.00627779 0.0447958
883 0.00627779 0.0447958
884 0.00627779 0.0447958
885 0.00627779 0.0447958
886 0.00627779 0.0447958
887 0.00575464 0.0447958
888 0.00627779 0.0447958
889 0.00627779 0.0447958
890 0.00575464 0.044137
891 0.00575464 0.044137
892 0.00575464 0.0447958
893 0.00575464 0.044137
894 0.00575464 0.0447958
895 0.00575464 0.0454545
896 0.00575464 0.0428195
897 0.00575464 0.0428195
898 0.00575464 0.0428195
899 0.00575464 0.0428195
900 0.00575464 0.0434783
901 0.00575464 0.0434783
902 0.00575464 0.0428195
903 0.00575464 0.0428195
904 0.00575464 0.0428195
905 0.00575464 0.0428195
906 0.00575464 0.0434783
907 0.00575464 0.0434783
908 0.00575464 0.044137
909 0.00575464 0.044137
910 0.00575464 0.044137
911 0.00575464 0.044137
912 0.00575464 0.044137
913 0.00575464 0.044137
914 0.00575464 0.044137
915 0.00575464 0.0434783
916 0.00575464 0.044137
917 0.00575464 0.044137
918 0.00575464 0.0428195
919 0.00575464 0.044137
920 0.00575464 0.044137
921 0.00575464 0.044137
922 0.00575464 0.044137
923 0.00575464 0.044137
924 0.00575464 0.044137
925 0.00575464 0.044137
926 0.00575464 0.044137
927 0.00575464 0.0434783
928 0.00575464 0.044137
929 0.00575464 0.0428195
930 0.00575464 0.044137
931 0.00575464 0.0434783
932 0.00575464 0.044137
933 0.00575464 0.044137
934 0.00575464 0.044137
935 0.00575464 0.044137
936 0.00575464 0.044137
937 0.00575464 0.0434783
938 0.00575464 0.0434783
939 0.00575464 0.044137
940 0.00575464 0.0434783
941 0.00575464 0.0434783
942 0.00575464 0.044137
943 0.00575464 0.0428195
944 0.00575464 0.0428195
945 0.00575464 0.0428195
946 0.00575464 0.0428195
947 0.00575464 0.0434783
948 0.00575464 0.0428195
949 0.00575464 0.0428195
950 0.00575464 0.0434783
951 0.00575464 0.0434783
952 0.00575464 0.0434783
953 0.00575464 0.0428195
954 0.00575464 0.0428195
955 0.00549307 0.0428195
956 0.00549307 0.0428195
957 0.00549307 0.0434783
958 0.00549307 0.0434783
959 0.00549307 0.0434783
960 0.00549307 0.0434783
961 0.00549307 0.0434783
962 0.00549307 0.0428195
963 0.00549307 0.0428195
964 0.00549307 0.0428195
965 0.00549307 0.0434783
966 0.00549307 0.0428195
967 0.00549307 0.0428195
968 0.00549307 0.0434783
969 0.00549307 0.0434783
970 0.00549307 0.0434783
971 0.00549307 0.0428195
972 0.00549307 0.0434783
973 0.00549307 0.0434783
974 0.00549307 0.0434783
975 0.00549307 0.0434783
976 0.00549307 0.0434783
977 0.00549307 0.0434783
978 0.00549307 0.0434783
979 0.00549307 0.0434783
980 0.00549307 0.0434783
981 0.00549307 0.0434783
982 0.00549307 0.0434783
983 0.00549307 0.0434783
984 0.00549307 0.0434783
985 0.00549307 0.0434783
986 0.00549307 0.0434783
987 0.00549307 0.0434783
988 0.00549307 0.0434783
989 0.00549307 0.0434783
990 0.00549307 0.0434783
991 0.00549307 0.0434783
992 0.00549307 0.0434783
993 0.00549307 0.0434783
994 0.00549307 0.044137
995 0.00549307 0.044137
996 0.00549307 0.0447958
997 0.00549307 0.0454545
998 0.00549307 0.0454545
999 0.00549307 0.0454545
1000 0.00784724 0.0467721
0.953228
best: 10hit: 0
